[0.36943825371897117, 0.3019171927580641, 0.6823987151682377],[0.0, 0.7071067811865475, 0.0, 0.7071067811865476]
[0.36943825371897117, 0.3019171927580641, 0.6523987151682377],[0.0, 0.7071067811865475, 0.0, 0.7071067811865476]
[0.36943825371897117, 0.3019171927580641, 0.6223987151682377],[0.0, 0.7071067811865475, 0.0, 0.7071067811865476]
[0.36943825371897117, 0.3019171927580641, 0.5823987151682377],[0.0, 0.7071067811865475, 0.0, 0.7071067811865476]
[0.30513442388150306, 0.2547394169836504, 0.5560264217853546],[0.0, 0.7071067811865475, 0.0, 0.7071067811865476]
[0.3013442388150306, 0.2047394169836504, 0.5660264217853546],[0.0, 0.7071067811865475, 0.0, 0.7071067811865476]
[0.30892860723968967,0.15596493815319354, 0.5834188169240951],[0.0, 0.7071067811865475, 0.0, 0.7071067811865476]
[0.303442388150306, 0.107394169836504, 0.6060264217853546],[0.0, 0.7071067811865475, 0.0, 0.7071067811865476]
[0.30852653472851045, 0.0648634732925, 0.5939386716485024],[0.0, 0.7071067811865475, 0.0, 0.7071067811865476]
[0.3013442388150306, 0.0447394169836504, 0.5660264217853546],[0.0, 0.7071067811865475, 0.0, 0.7071067811865476]
[0.2813442388150306, 0.0047394169836504, 0.5560264217853546],[0.0, 0.7071067811865475, 0.0, 0.7071067811865476]
[0.3013442388150306, 0.1047394169836504, 0.5460264217853546],[0.0, 0.7071067811865475, 0.0, 0.7071067811865476]
[0.31664534032656703, 0.15641495425686025, 0.5394633039832115],[0.0, 0.7071067811865475, 0.0, 0.7071067811865476]
[0.33330657749851805, 0.20798614020050166, 0.5347247092425824],[0.0, 0.7071067811865475, 0.0, 0.7071067811865476]
[0.36943825371897117, 0.2619171927580641, 0.5323987151682377],[0.0, 0.7071067811865475, 0.0, 0.7071067811865476]
[0.38997983685021366, 0.2848403753803173, 0.5291765069365502],[0.0, 0.7071067811865475, 0.0, 0.7071067811865476]
[0.4083561398300994, 0.3050543003108633, 0.5297833666205407],[0.0, 0.7071067811865475, 0.0, 0.7071067811865476]
[0.421882838755155, 0.30480624338663043, 0.505743802189827],[0.0, 0.7071067811865475, 0.0, 0.7071067811865476]
[0.4445257373816139, 0.30274950430980096, 0.48814072370529175],[0.0, 0.7071067811865475, 0.0, 0.7071067811865476]
[0.4662019705032811, 0.30265697910378236, 0.4328923690319061],[0.0, 0.7071067811865475, 0.0, 0.7071067811865476]
[0.4662019705032811, 0.30265697910378236, 0.4028923690319061],[0.0, 0.7071067811865475, 0.0, 0.7071067811865476]
