[0.5493514767128389, 0.2910175714167657, 0.6058544769883156],[0.0, 0.7071067811865475, 0.0, 0.7071067811865476]
[0.531882838755155, 0.21480624338663043, 0.595743802189827],[0.0, 0.7071067811865475, 0.0, 0.7071067811865476]
[0.5235765243731216, 0.22842111919061533, 0.5789234241843224],[0.0, 0.7071067811865475, 0.0, 0.7071067811865476]
[0.5299034850075454, 0.21942140549638192, 0.5628084635734558],[0.0, 0.7071067811865475, 0.0, 0.7071067811865476]
[0.5340302784010928, 0.23956649215233092, 0.5520812787115575],[0.0, 0.7071067811865475, 0.0, 0.7071067811865476]
[0.5362019705032811, 0.20265697910378236, 0.5328923690319061],[0.0, 0.7071067811865475, 0.0, 0.7071067811865476]
[0.5274671226377338, 0.20327378291586462, 0.5586260214447976],[0.0, 0.7071067811865475, 0.0, 0.7071067811865476]
[0.5285215175105926, 0.21841822641008013, 0.529405357837677],[0.0, 0.7071067811865475, 0.0, 0.7071067811865476]
[0.5379211579455752, 0.185536246498506, 0.509990828037262],[0.0, 0.7071067811865475, 0.0, 0.7071067811865476]
[0.54527865868005674, 0.19788364218779944, 0.49254011750221255],[0.0, 0.7071067811865475, 0.0, 0.7071067811865476]
[0.5498208843463515, 0.16465687600508613, 0.4838963598012925],[0.0, 0.7071067811865475, 0.0, 0.7071067811865476]
[0.53979819369088417, 0.18279388900337049, 0.44054121851921085],[0.0, 0.7071067811865475, 0.0, 0.7071067811865476]
[0.5405257373816139, 0.20274950430980096, 0.46814072370529175],[0.0, 0.7071067811865475, 0.0, 0.7071067811865476]
[0.5330824410026271, 0.1566347948808159, 0.47118187248706817],[0.0, 0.7071067811865475, 0.0, 0.7071067811865476]
[0.5288055431625913, 0.1656827486200719, 0.4648710858821869],[0.0, 0.7071067811865475, 0.0, 0.7071067811865476]
[0.5259060728320859, 0.15462930478333406, 0.4420657444000244],[0.0, 0.7071067811865475, 0.0, 0.7071067811865476]
[0.5254519652483898, 0.15503363381566185, 0.3973671764135361],[0.0, 0.7071067811865475, 0.0, 0.7071067811865476]
[0.5272492518128801, 0.15247381504806484, 0.378481987118721],[0.0, 0.7071067811865475, 0.0, 0.7071067811865476]
[0.5256836659625632, 0.15132996019423398, 0.36366642951965333],[0.0, 0.7071067811865475, 0.0, 0.7071067811865476]
[0.5198270223088588, 0.15196048680661918, 0.3232280284166336],[0.0, 0.7071067811865475, 0.0, 0.7071067811865476]
[0.5198270223088588, 0.14196048680661918, 0.3232280284166336],[0.0, 0.7071067811865475, 0.0, 0.7071067811865476]
